-2
20
6.403252247502314
3.193495504995374
3.193495504995374
3.193495504995374
3.193495504995374
3.193495504995374
2.904071920074022
2.904071920074022
3.014621892368147
3.014621892368147
3.014621892368147
3.014621892368147
2.998492868779201
2.998492868779201
2.998492868779201
2.998492868779201
3.000846061607701
3.000846061607701
2.999947221928015
2.999947221928015
2.999947221928015
2.999947221928015
2.999947221928015
2.999947221928015
2.999997312573421
2.999997312573421
2.999997312573421
2.999997312573421
2.999997312573421
3.000001828943089
3.000001828943089
3.000000104511033
3.000000104511033
3.000000104511033
3.000000104511033
3.000000104511033
2.999999940279409
2.999999940279409
3.000000022395221
