-2
20
9
4.798373876248843
2.201626123751157
3.806504495004627
2.81463511376041
3.427644103769663
3.0487837125347
2.81463511376041
2.959346906221083
3.0487837125347
2.993508726387644
3.027670546554204
3.006557380573708
2.993508726387644
3.001573238182075
2.996589095790442
2.99966946519324
3.001573238182075
3.000396641768111
2.99966946519324
3.000118885032333
2.999841128296556
3.00001279139987
2.999906697767408
2.99997226723826
3.00001279139987
2.999987746090629
3.000003224942999
2.999993658486128
2.999999570881626
3.000003224942999
3.000000966608873
2.999999570881626
3.000000433488504
2.999999900368134
3.000000229854643
3.000000026220782
2.999999900368135
2.999999978149348
3.000000026220782
