0 5 6
1 1.461321762911564 -7.805251587716324 
2 2.242569812157947 -2.348018998562869 
3 3.718439537579508 7.049191374951475 
4 4.174401095435865 11.59104135441602 
5 3.152941827412697 1.758199460172222 
6 1.883805000321733 -7.272565151902798 
7 1.884117912292316 -7.269671790364576 
8 2.86613665554407 1.810444948504077 
9 2.817371848562939 1.815718883780701 
10 1.199180733919476 1.997292818882957 
11 1.19815037879165 1.988110254777925 
12 1.196171777869769 1.974118213005083 
13 1.19557916250583 1.974202013429527 
14 1.18945997684976 1.974940541856422 
15 1.189352286649896 1.975523209455949 
16 1.189522777119986 1.974439041009271 
17 1.189421866142321 1.974423171438016 
18 1.189728357722642 1.974488021670999 
19 1.189781605462229 1.974427267016535 
