0 -1 6
1 -2.283237404885126 5.357095488534505 
2 -2.311364568323889 5.350231440167672 
3 -2.311809683265918 5.349129996767237 
4 -2.141184440231012 4.531990589902326 
5 -1.946269120193333 3.707862729599245 
6 -1.824497300944217 3.234897181721342 
7 -1.701652482771675 2.791167747603662 
8 -1.580835905574514 2.382626763653561 
9 -1.499505435766646 2.123725877144391 
10 -1.418234416726228 1.879229868075461 
11 -1.344856829814989 1.670042582052124 
12 -1.278285692583447 1.489820347691249 
13 -1.216421822659771 1.33051590710481 
14 -1.158657561469391 1.188843125736869 
15 -1.104513548170089 1.062232403771186 
16 -1.053592618469314 0.9486061185578607 
17 -1.005560719813195 0.8462593764690661 
18 -0.9603668926424916 0.7542513309932913 
19 -0.9176334055279668 0.6710925022106828 
20 -0.8769845639088906 0.5954568203189409 
21 -0.8382387826835297 0.5265052460773779 
22 -0.8012375464053849 0.4635196357936595 
23 -0.7658413761195966 0.4058808132564648 
24 -0.7319266312835471 0.3530514180303524 
25 -0.6993829773945703 0.3045623783651756 
26 -0.6681113566108209 0.2600021127103572 
27 -0.6380223434807177 0.2190078146769773 
28 -0.6090347992578086 0.1812583496990266 
29 -0.5810747604240243 0.1464684133582984 
30 -0.5540745129034098 0.1143836881270384 
31 -0.5279718149594855 0.08477679808728143 
32 -0.5027092402324546 0.05744390725977218 
33 -0.4782336186699728 0.03220184140602445 
34 -0.4544955578451078 0.008885638899446224 
35 -0.431449030760587 -0.0126535441831867 
36 -0.4090510190087595 -0.03255023458623857 
37 -0.3872612023050687 -0.05092619621862941 
38 -0.3660416870936706 -0.06789177742475205 
39 -0.3453567682496172 -0.08354708312381628 
40 -0.3251727189558078 -0.09798299806610811 
41 -0.3054576046765805 -0.1112820829013157 
42 -0.2861811178297744 -0.123519361087414 
43 -0.2673144303106244 -0.1347630116971858 
44 -0.2488300614708304 -0.1450749807570754 
45 -0.2307017595253937 -0.1545115217670467 
46 -0.2129043946642722 -0.1631236744131578 
47 -0.1954138623983133 -0.170957689128321 
48 -0.1782091219016322 -0.1780545270577922 
49 -0.1612663092764609 -0.1844526849363645 
50 -0.1445630684301826 -0.1901864679909555 
51 -0.1280786224321953 -0.1952863141346191 
52 -0.1117928482121759 -0.1997793848096324 
53 -0.0956862207464137 -0.203689772753817 
54 -0.07973976108130411 -0.2070386861046174 
55 -0.06393498813416222 -0.2098446109783874 
56 -0.04825387384705342 -0.212123454514166 
57 -0.03267880131728423 -0.2138886701054626 
58 -0.01719252556900133 -0.2151513663123788 
59 -0.001778136665206698 -0.2159204007441498 
60 0.0135809751106789 -0.2162024600242409 
61 0.02890115224924225 -0.2160021267925789 
62 0.04419850140938478 -0.2153219345590011 
63 0.0594889234182119 -0.2141624110957432 
64 0.07478814206684087 -0.2125221109423241 
65 0.09011173187980821 -0.2103976374913813 
66 0.1054751450253831 -0.2077836550270179 
67 0.1208937375259326 -0.2046728909963431 
68 0.1363827949212247 -0.2010561287086316 
69 0.1519575575332606 -0.1969221905734586 
70 0.1676332454786092 -0.1922579119079901 
71 0.1834250835734203 -0.1870481052630062 
72 0.1993483262771622 -0.1812755151359577 
73 0.215418282823742 -0.1749207628561056 
74 0.2316503426931495 -0.1679622813401986 
75 0.2480600015830131 -0.1603762393258276 
76 0.2646628880478712 -0.1521364545919321 
77 0.2814747909844699 -0.1432142955702643 
78 0.2985116881544126 -0.1335785706359565 
79 0.3157897759511796 -0.1231954042375141 
80 0.3333255006373175 -0.1120280988839995 
81 0.351135591299906 -0.1000369818469222 
82 0.3692370947987253 -0.08717923525293092 
83 0.3876474130125825 -0.07340870803666653 
84 0.406384342725753 -0.05867570798617671 
85 0.4254661185394247 -0.04292677184020518 
86 0.4449114592435746 -0.02610441108033435 
87 0.4647396181443051 -0.008146830692732976 
88 0.4849704379120122 0.0110123822563297 
89 0.5056244105991189 0.03144460389296937 
90 0.5267227435750452 0.05322655691498961 
91 0.5482874322439883 0.07644073704472121 
92 0.5703413405520411 0.1011758883652786 
93 0.5929082904593775 0.1275275343591851 
94 0.6160131617571891 0.1555985726818256 
95 0.6396820038559352 0.185499943168812 
96 0.6639421614719238 0.2173513803584225 
97 0.6888224165064465 0.2512822639871186 
98 0.7143531488632527 0.2874325835908956 
99 0.7405665195082225 0.3259540366510489 
100 0.7674966797693071 0.3670112838350687 
101 0.795180011743576 0.4107833900322658 
102 0.8236554057729882 0.457465486376635 
103 0.8529645823397656 0.5072706966981959 
104 0.8831524675087463 0.560432382406988 
105 0.914267633333943 0.6172067734543402 
106 0.9463628176232736 0.6778760707890964 
107 0.9794955413604312 0.7427521291067012 
108 1.013728847254763 0.812180859760389 
109 1.049132189810222 0.8865475354492937 
110 1.085782516664396 0.9662832350432846 
111 1.123765593753752 1.051872745007116 
112 1.163161089841468 1.143825702419115 
113 1.204085060307811 1.242781096797802 
114 1.246671145313603 1.349477207295688 
115 1.291064760689809 1.464748885800668 
116 1.337435411114517 1.589572778843295 
117 1.385983184096707 1.725104628844821 
118 1.43694725648959 1.872729299655173 
119 1.490617511929249 2.034129881711721 
120 1.547350656361909 2.211385077418048 
121 1.607592865362518 2.407109219998798 
122 1.671911788496985 2.624657213183425 
123 1.741041037823148 2.868427078548582 
124 1.815634273011273 3.143182526802165 
125 1.897973151895332 3.460805795581453 
126 1.990835473109928 3.837385859823209 
127 2.095942403874398 4.288204566883899 
128 2.224368458712216 4.877557467466187 
129 2.32295573835098 5.378304064150004 
130 2.327184974164238 5.411731697226223 
131 2.326909842721137 5.415267526285612 
132 2.326659342037145 5.415584803354227 
133 2.326514754413164 5.415572944658861 
134 2.326234579577047 5.415231150603025 
135 2.324753371899448 5.411245324107773 
136 2.311610114937149 5.360672274380898 
137 1.976874623584849 3.900938678347173 
138 1.584429442960682 2.517423993059274 
139 1.58103780911573 2.497544153102237 
140 1.441833366336226 2.075763058303778 
141 1.431400816805516 2.054374165985464 
142 1.391187238054882 1.927444327280492 
143 1.197429720337227 1.434212078953724 
144 1.196910854948058 1.433810946388492 
145 1.176750615730267 1.391839915183655 
146 1.07199630559358 1.148264556069077 
147 1.06975419944796 1.145254433101079 
148 1.069242344377341 1.142979268404389 
149 1.06774067409369 1.14094267494401 
150 1.066752982596259 1.137477763463516 
151 1.063635595407766 1.132519998966602 
152 1.060411325459082 1.123566672847191 
153 1.054169656790332 1.112765390632565 
154 1.049305612183527 1.100099112076417 
155 1.044693313294258 1.092446560026097 
156 1.043009238744798 1.087399510442679 
157 1.041404081032348 1.085139326010135 
158 1.041026026868447 1.083543550695951 
159 1.040240126830958 1.082574836473705 
160 1.039920961952662 1.081244574977171 
161 1.038736889301764 1.079564529524951 
162 1.037570248930472 1.07612399948419 
163 1.034404175919054 1.07085579823646 
164 1.03130614299749 1.062961878051209 
165 1.027489485640249 1.056508507620516 
166 1.025677334506191 1.051620102388713 
167 1.024180871444593 1.049385054428669 
168 1.023816752736501 1.048053028481673 
169 1.023299315267447 1.047422899875467 
170 1.023158129294543 1.046764172427353 
171 1.02264735037493 1.046106718196719 
172 1.022232043596894 1.04476945418624 
173 1.020841161556794 1.04257111686352 
174 1.019281169321373 1.038570814602577 
175 1.016726635876377 1.034238400473927 
176 1.01520656093282 1.030356562107276 
177 1.013966935526441 1.028427038727969 
178 1.013639118504051 1.027354735303242 
179 1.013281106459764 1.026908806853212 
180 1.01320364344125 1.026534556660195 
181 1.012955321210774 1.026235927926859 
182 1.012793639801229 1.025665755504424 
183 1.01217276260091 1.024729735703479 
184 1.011428938607221 1.022792636709379 
185 1.009933061577767 1.020267471634201 
186 1.008889371057618 1.017670372363398 
187 1.007992835234871 1.016240333009206 
188 1.007735048952692 1.015454987704224 
189 1.007493171884668 1.015144831362585 
190 1.007445646511349 1.01491943685958 
191 1.007314217573109 1.014767298502116 
192 1.00724394066665 1.014499903145059 
193 1.006952589916692 1.014077143644752 
194 1.0065990859267 1.013138907638431 
195 1.005782540160232 1.011771241268512 
196 1.005141571353174 1.010195454097949 
197 1.004548305559686 1.009234488372755 
198 1.004363727591484 1.008697950482043 
199 1.004205183795456 1.008488990404176 
200 1.00417489305013 1.008350856937614 
201 1.004102252046349 1.008268357403929 
202 1.004069409808944 1.008135427315159 
203 1.003927831528135 1.007936373968308 
204 1.003759012220195 1.007478738733868 
205 1.003327507664334 1.006762372664281 
206 1.002955164968652 1.005851975993555 
207 1.002581792226084 1.005240610080509 
208 1.002456296309112 1.00488809585086 
209 1.002354303826082 1.004750222166766 
210 1.002334759661957 1.004665049589057 
211 1.002293703767203 1.004618795569598 
212 1.00227769737803 1.004550511423898 
213 1.002207494723516 1.004454519880722 
214 1.002126641791487 1.004230200714482 
215 1.001902325183468 1.003861292272491 
216 1.001692540084973 1.003349296525232 
217 1.001464377476265 1.00297258258223 
218 1.001381626420892 1.002746290926903 
219 1.001316742075813 1.002656502028945 
220 1.001304074041466 1.002603803986594 
221 1.001280534455063 1.002577309833608 
222 1.00127250323946 1.00254145661085 
223 1.001237203678251 1.0024944121942 
224 1.001198402380347 1.002384020806327 
225 1.001082921956864 1.002195992931221 
226 1.000967172066961 1.001913324576796 
227 1.000830600343511 1.001686359893451 
228 1.000777162230665 1.001543396738267 
229 1.000736180623209 1.001485440765103 
230 1.000727952585886 1.00145274433609 
231 1.000714306055468 1.001437321228845 
232 1.000710178224474 1.001418169068911 
233 1.000692226454266 1.001394815069474 
234 1.000673574177866 1.001340294236843 
235 1.00061451880884 1.001245162637512 
236 1.000551712193359 1.001091396099604 
237 1.000471311924727 1.000957107386439 
238 1.000437349938611 1.000867902888554 
239 1.000411595046643 1.000830738799298 
240 1.00040624464525 1.000810398485744 
241 1.000398258179927 1.000801298545954 
242 1.000396089062914 1.000790913711743 
243 1.000386866918241 1.000779188142606 
244 1.000377887469708 1.000752169602561 
245 1.000347839957304 1.000704321562277 
246 1.000314251244796 1.00062174082311 
247 1.000267599351121 1.000543530791889 
248 1.000246302535895 1.000488458966528 
249 1.000230178929377 1.000464752702789 
250 1.00022669717707 1.00045206620159 
251 1.000221983019287 1.00044663319627 
252 1.000220818357061 1.000440924365686 
253 1.000216035250497 1.00043497362309 
254 1.000211706350451 1.000421538472626 
255 1.000196479549239 1.000397591652377 
256 1.000178749974164 1.000353749162954 
257 1.000152036874838 1.000308854065625 
258 1.000138842763622 1.000275186972409 
259 1.0001287821593 1.000260135385859 
260 1.000126515624909 1.000252203450485 
261 1.00012371092839 1.000248925166897 
262 1.000123072031597 1.000245745697192 
263 1.000120567705004 1.000242693100271 
264 1.000118477408714 1.000235987764194 
265 1.00011078552642 1.000224052934821 
266 1.000101539074081 1.000201019808425 
267 1.000086433836407 1.000175599558476 
268 1.000078353712929 1.000155214606228 
269 1.000072096479898 1.000145701046264 
270 1.00007062115043 1.000140731232362 
271 1.000068940203379 1.000138734124626 
272 1.000068582150963 1.000136940996391 
273 1.000067258335176 1.000135357651375 
274 1.000066246880497 1.000131997155759 
275 1.000062370413759 1.000126069202754 
276 1.000057601583646 1.00011408396188 
277 1.000049162927433 1.000099879852052 
278 1.000044271276545 1.000087656766778 
279 1.000040393011916 1.000081671794091 
280 1.00003943327377 1.000078552623308 
281 1.000038418973046 1.000077325551419 
282 1.000038214042688 1.00007630194531 
