0
0
0.1246747333852277
0.1246747333852277
0.1246747333852277
0
0
0.1246747333852277
0.1246747333852277
0.1246747333852277
0.1246747333852277
0.1246747333852277
0.1246747333852277
0.1246747333852277
0
0
0.1808180832378474
0.1808180832378474
0.1808180832378474
0
0
0.1808180832378474
0.1808180832378474
0.1808180832378474
0.1808180832378474
0.1808180832378474
0.1808180832378474
0.1808180832378474
0
0
0.2363778540492732
0.2363778540492732
0.2363778540492732
0
0
0.2363778540492732
0.2363778540492732
0.2363778540492732
0.2363778540492732
0.2363778540492732
0.2363778540492732
0.2363778540492732
0.2911747301382499
0.2911747301382499
0.2911747301382499
0.2911747301382499
0.2911747301382499
0.2911747301382499
0.2911747301382499
0.2911747301382499
0.2911747301382499
0.2911747301382499
0.2911747301382499
0.2911747301382499
0.2911747301382499
0.2911747301382499
0.3450318580184680
0.3450318580184680
0.3450318580184680
0.3450318580184680
0.3450318580184680
0.3450318580184680
0.3450318580184680
0.3450318580184680
0.3450318580184680
0.3450318580184680
0.3450318580184680
0.3450318580184680
0.3450318580184680
0.3450318580184680
0.3977754171821164
0.3977754171821164
0.3977754171821164
0.3977754171821164
0.3977754171821164
0.3977754171821164
0.3977754171821164
0.3977754171821164
0.3977754171821164
0.3977754171821164
0.3977754171821164
0.3977754171821164
0.3977754171821164
0.3977754171821164
0.4492351810946878
0.4492351810946878
0.4492351810946878
0.4492351810946878
0.4492351810946878
0.4492351810946878
0.4492351810946878
0.4492351810946878
0.4492351810946878
0.4492351810946878
0.4492351810946878
0.4492351810946878
0.4492351810946878
0.4492351810946878
0.4992450665904589
0.4992450665904589
0.4992450665904589
0.4992450665904589
0.4992450665904589
0.4992450665904589
0.4992450665904589
0.4992450665904589
0.4992450665904589
0.4992450665904589
0.4992450665904589
0.4992450665904589
0.4992450665904589
0.4992450665904589
0.5476436698955082
0.5476436698955082
0.5476436698955082
0.5476436698955082
0.5476436698955082
0.5476436698955082
0.5476436698955082
0.5476436698955082
0.5476436698955082
0.5476436698955082
0.5476436698955082
0.5476436698955082
0.5476436698955082
0.5476436698955082
0.5942747875482894
0.5942747875482894
0.5942747875482894
0.5942747875482894
0.5942747875482894
0.5942747875482894
0.5942747875482894
0.5942747875482894
0.5942747875482894
0.5942747875482894
0.5942747875482894
0.5942747875482894
0.5942747875482894
0.5942747875482894
0.6389879205365231
0.6389879205365231
0.6389879205365231
0.6389879205365231
0.6389879205365231
0.6389879205365231
0.6389879205365231
0.6389879205365231
0.6389879205365231
0.6389879205365231
0.6389879205365231
0.6389879205365231
0.6389879205365231
0.6389879205365231
0.6816387600233341
0.6816387600233341
0.6816387600233341
0.6816387600233341
0.6816387600233341
0.6816387600233341
0.6816387600233341
0.6816387600233341
0.6816387600233341
0.6816387600233341
0.6816387600233341
0.6816387600233341
0.6816387600233341
0.6816387600233341
