0
0
0.1246747333852277
0.1246747333852277
0.1246747333852277
0
0
0.2287682424256151
0.2506880514692146
0.2620493293342798
0.2680994514503998
0.2712332397693871
0.2725732805855688
0.2725732805855688
0
0
0.1808180832378474
0.1807751805552749
0.1808180832378474
0
0
0.2287688362465927
0.2506891239304317
0.2620507604183001
0.2681011326545552
0.2712350764940425
0.2725751903110307
0.2725751903110308
0
0
0.2363778540492732
0.2361998360852912
0.2363778540492732
0
0
0.2606018233515414
0.2747861597926533
0.2834065843332574
0.2883848402692341
0.2910778180185302
0.2922548804277687
0.2922548804277687
0.2911747301382499
0.2911747301382499
0.2911747301382499
0.2904793993998448
0.2911747301382499
0.2911747301382499
0.2911747301382499
0.3028336945229280
0.3114546528414510
0.3172514842580583
0.3208704239057493
0.3229327875793628
0.3238613848077017
0.3238613848077017
0.3450318580184680
0.3435007128816565
0.3427253605780211
0.3423268656064938
0.3425565292328562
0.3431066434984893
0.3446624677029929
0.3494830110642054
0.3541148683900135
0.3576593847775223
0.3600643495701533
0.3615122573453906
0.3621852927363620
0.3621852927363620
0.3977754171821164
0.3936642148656951
0.3923210881086053
0.3918934396194128
0.3920034383292864
0.3925528586149613
0.3937952896960299
0.3961233739508551
0.3985951271153868
0.4006705932906349
0.4021816675436167
0.4031376803858446
0.4035954700565724
0.4035954700565724
0.4390099487439568
0.4390109400150774
0.4386194852278517
0.4384408565612221
0.4385492826986996
0.4389657225530051
0.4397708763839850
0.4410014433712717
0.4423477570373393
0.4435462430580179
0.4444667282128040
0.4450733250332615
0.4453712613937433
0.4453712613937433
0.4811765536927197
0.4811778960896882
0.4810701109629934
0.4810316012006940
0.4811405823242008
0.4814319190006439
0.4819307141545514
0.4826185487338090
0.4833734085400699
0.4840689397402704
0.4846239334219910
0.4850014362520371
0.4851906936920319
0.4851906936920318
0.5181073290454659
0.5181089117913025
0.5180893567790569
0.5181070935158869
0.5182053406365944
0.5184074822571880
0.5187209425708116
0.5191266255937075
0.5195686692412700
0.5199838219271419
0.5203239128088920
0.5205607962854448
0.5206814735642312
0.5206814735642312
0.5471916774156376
0.5471934095959762
0.5472011917402924
0.5472368286950516
0.5473219361589738
0.5474694748637116
0.5476809512199462
0.5479425679326786
0.5482245642133960
0.5484919147234992
0.5487147291294618
0.5488725808743756
0.5489539595044468
0.5489539595044468
0.5646275391139097
0.5646293416568906
0.5646447134829017
0.5646845332028889
0.5647614698958831
0.5648834358789077
0.5650500481513598
0.5652505817127615
0.5654648367551480
0.5656686790424210
0.5658401159708675
0.5659627457413062
0.5660264077422134
0.5660264077422134
0.5646275391139096
0.5646293416568906
0.5646447134829017
0.5646845332028889
0.5647614698958831
0.5648834358789077
0.5650500481513600
0.5652505817127614
0.5654648367551480
0.5656686790424210
0.5658401159708675
0.5659627457413063
0.5660264077422134
0.5660264077422134
