-2
20
9
3.5000000125
0.75000001875
-0.624999978125
0.06250002031250002
-0.28124997890625
-0.109374979296875
-0.02343747949218748
0.01953127041015627
-0.001953104541015608
0.008789082934570329
0.003417989196777361
0.0007324423278808766
-0.0006103311065673656
6.105561065675549e-05
-0.0002746377479553051
-0.0001067910686492748
-2.286772899625965e-05
1.909394083024792e-05
-1.886894083005865e-06
8.603523373621027e-06
3.358314645307581e-06
7.357102811508578e-07
-5.755919009275038e-07
8.005919011167697e-08
-2.477663554079134e-07
-8.38535826481182e-08
-1.897196268220616e-09
3.908099692172818e-08
