-2
20
6.403252247502314
3.193495504995374
1.20975674250694
-0.01626123751156583
-0.01626123751156583
-0.01626123751156583
-0.01626123751156583
-0.01626123751156583
-0.01626123751156583
-0.01626123751156583
-0.01626123751156583
0.009836070860511276
0.009836070860511276
-0.0001322139226193099
-0.0001322139226193099
-0.0001322139226193099
-0.0001322139226193099
-0.0001322139226193099
-0.0001322139226193099
-0.0001322139226193099
-0.0001322139226193099
7.997333595086988e-05
7.997333595086988e-05
-1.074970631469727e-06
-1.074970631469727e-06
-1.074970631469727e-06
-1.074970631469727e-06
-1.074970631469727e-06
-1.074970631469727e-06
-1.074970631469727e-06
-1.074970631469727e-06
6.494614234736894e-07
6.494614234736894e-07
-7.465073647609172e-09
-7.465073647609172e-09
-7.465073647609172e-09
-7.465073647609172e-09
-7.465073647609172e-09
-7.465073647609172e-09
