-2
20
9
4.798373876248843
2.201626123751157
0.5967477524976865
-0.3951216287465298
0.2178873612627237
-0.1609730299722397
0.07317556880205045
-0.07153622365862278
0.01790058265499406
-0.03737440349206234
-0.003212583325501894
0.01790058265499389
0.004851928468929333
-0.003212583325502057
0.001771559066131048
-0.001308810336667401
0.0005949626521672558
-0.000581633761796536
0.0001455428130743288
-0.0003038770260185984
-2.612029024066069e-05
0.0001455428130742655
3.944918061129314e-05
-2.612029024072392e-05
1.440387137020724e-05
-1.064143787094191e-05
4.837414498840102e-06
-4.729042372527038e-06
1.183353125887834e-06
-2.470708247064433e-06
-2.123741216018266e-07
1.183353125863678e-06
3.207462478815048e-07
-2.123741216259822e-07
1.171123868394769e-07
-8.652147422670679e-08
3.933117317256866e-08
-3.845004049433963e-08
9.621393238027534e-09
