0 1 5
1 1.330893386208777 2.999999987453308
2 1.66539025176012 2.999999990662847
3 1.837378755315617 2.999999991094853
4 1.922578506974049 2.999999985642247
5 1.963596159664577 2.999999983579723
6 1.98299605846593 2.999999981750432
7 1.992083787818747 2.999999959670086
8 1.996320424732526 2.999999949220234
9 1.998290910102665 2.999999913387735
10 1.999206417912059 2.999999908749399
11 1.999631470764615 2.99999982877831
12 1.999828598373722 2.999999586341709
13 1.999920127174153 2.999999495167638
14 1.999962655043538 2.999999494912495
15 1.999982331533278 2.999999431198763
16 1.999991336296464 2.999999273272343
17 1.999995589127916 2.999999273163229
18 1.999997394588908 2.999999104556575
19 1.999998232371765 2.999999026068077
20 1.999998617291147 2.999998985692274
21 1.999998763847577 2.999998934842371
22 1.999998818978079 2.999998898346286
23 1.999998831733024 2.999998868571718
24 1.999998837540727 2.999998854639765
25 1.999998834183036 2.9999988421194
26 1.999998829137662 2.999998832821216
27 1.999998826736122 2.999998828445876
28 1.999998824997134 2.9999988257907
29 1.999998822876662 2.999998823244936
30 1.999998821709752 2.99999882188068
31 1.999998820589839 2.999998820669148
32 1.999998819989022 2.999998820025828
33 1.999998819783783 2.999998819800886
34 1.999998819739192 2.999998819747133
35 1.999998819689696 2.999998819693382
36 1.99999881969166 2.999998819693367
37 1.999998819665712 2.999998819666507
38 1.999998819666133 2.999998819666495
39 1.999998819666326 2.999998819666495
40 1.999998819666415 2.999998819666495
41 1.99999881966646 2.999998819666495
42 1.99999881966648 2.999998819666495
43 1.999998819666487 2.999998819666495
